[Bloom]
fBloomExposure1=1.000000
fBloomExposure2=0.200000
BloomDelay=1000.000000
BloomGate=1.000000
fBloomGaussCoefficient=6.000000
nBloomSampleNum=6
editorEnable=1

[Detail]
fDetailPower=0.600000
fBlurPower=0.250000
fBlurDistance=30000.000000
editorEnable=0

[HSI]
HueScale=0.600000
HueBias=0.000000
SaturationScale=1.000000
SaturationBias=0.090000
fIntensityScale=1.000000
IntensityBias=0.160000
editorEnable=0

[ShockWave]
ShockWavePower=0.110000
editorEnable=0

[GodRay]
nGodRaySampleNum=3
fGodRayDensity=0.340000
fGodRayWeight=0.090000
fGodRayDecay=0.960000
fGodRayExposure=0.250000
fLimitAngle=3.000000
editorEnable=0

[SSAO]
nSSAOLevel=1
fSSAOSampleRadius=30.000000
fSSAODarkFact=0.100000
fBlurWeight=0.500000
editorEnable=0

[Fog]
fFogDensityV=0.001000
fSlopeThreshold=0.100000
fHeightFalloff=0.004000
vecFogcolor=0.800000,0.094118,0.094118,1.000000

[shadow]
bEnabledAreaShadow=1
Jitter=1.000000
Softness=2.000000
Dark=0.700000
KernerSize=1.200000
DepthBias=0.000200
BiasSlope=1.000000
DarkForPlayer=0.500000

[HDR]
BrightGate=0.050000
Rectify=0.060000
GrayLevel=0.060000
StarType=0
EnableBlueShift=0
BloomScale=0.060000
StarScale=0.010000
editorEnable=1
OverallScale=0.100000

[ColorGrade]
LUT=data\source\maps\µ¾Ïã´å\µ¾Ïã´å_ColoGrade_0013D.dds
Brightness=1.000000
Saturation=1.000000
Contrast=1.000000
editorEnable=0

[ColorCurve]
KC=0.000000
KM=0.000000
KY=0.000000
CurveStype=0
editorEnable=0

[Cloud]
CloudHeightMax=2000.000000
CloudHeightMin=1000.000000
CloudRayStep=100.000000
CloudVisibleHightRange=100.000000
CloudDensity=0.150000
CloudThickness=12.000000
CloudBrightness=1.000000
CloudSpeed=0.020000
CloudDirection=0.000000
vCloudTexture3DUV_R=0.020000
vCloudTexture3DUV_G=0.030000
vCloudTexture3DUV_B=0.020000
vCloudTexture3DUV_A=0.037000
fCloud3DNoiseScale=0.500000
fCloud3DNoiseUV=0.500000
CloudDiffColor=0.500000,0.500000,0.500000,1.000000
CloudSpecColor=0.400000,0.300000,0.300000,1.000000
CloudSkyLightColor=0.100000,0.100000,0.300000,1.000000
CloudDiffColorFar=0.500000,0.500000,0.500000,1.000000
CloudSpecColorFar=0.400000,0.300000,0.300000,1.000000
CloudSkyLightColorFar=0.100000,0.100000,0.300000,1.000000
CloudLightDirection=-0.707000,-0.707000,0.000000
CloudFarGradualRange=500.000000
CloudFarDistance=1000.000000
fCloudFinalAlpha=1.000000
szCloud3DTextureFile=data\public\CloudSea\Texture3D.dds
szCloudMaskTextureFile=data\public\CloudSea\cumulus.tga
bEnableCloudInClient=0

editorEnable=0
